name: centier
channels:
  - bioconda
  - defaults
  - conda-forge
dependencies:
  - _openmp_mutex=4.5=20_gnu
  - biopython=1.86=py311h49ec1c0_1
  - bz2file=0.98=py_0
  - bzip2=1.0.8=hda65f42_9
  - c-ares=1.34.6=hb03c661_0
  - ca-certificates=2026.2.25=hbd8a1cb_0
  - cached-property=1.5.2=hd8ed1ab_1
  - cached_property=1.5.2=pyha770c72_1
  - cd-hit=4.8.1=h5ca1c30_13
  - drmaa=0.7.9=py_1000
  - entrez-direct=22.4=he881be0_0
  - gsl=2.7=he838d99_0
  - h5py=3.15.1=nompi_py311h0b2f468_101
  - hdf5=1.14.6=nompi_h19486de_106
  - hmmer=3.4=hb6cb901_4
  - icu=78.2=h33c6efd_0
  - keyutils=1.6.3=hb9d3cd8_0
  - krb5=1.22.2=ha1258a1_0
  - ld_impl_linux-64=2.45.1=default_hbd61a6d_101
  - libaec=1.1.5=h088129d_0
  - libblas=3.11.0=5_h4a7cf45_openblas
  - libcblas=3.11.0=5_h0358290_openblas
  - libcurl=8.19.0=hcf29cc6_0
  - libedit=3.1.20250104=pl5321h7949ede_0
  - libev=4.33=hd590300_2
  - libexpat=2.7.4=hecca717_0
  - libffi=3.5.2=h3435931_0
  - libgcc=15.2.0=he0feb66_18
  - libgcc-ng=15.2.0=h69a702a_18
  - libgfortran=15.2.0=h69a702a_18
  - libgfortran-ng=15.2.0=h69a702a_18
  - libgfortran5=15.2.0=h68bc16d_18
  - libgomp=15.2.0=he0feb66_18
  - libidn2=2.3.8=hfac485b_1
  - liblapack=3.11.0=5_h47877c9_openblas
  - liblzma=5.8.2=hb03c661_0
  - libnghttp2=1.67.0=had1ee68_0
  - libnsl=2.0.1=hb9d3cd8_1
  - libopenblas=0.3.30=pthreads_h94d23a6_4
  - libsqlite=3.52.0=hf4e2dac_0
  - libssh2=1.11.1=hcf80075_0
  - libstdcxx=15.2.0=h934c35e_18
  - libstdcxx-ng=15.2.0=hdf11a46_18
  - libunistring=0.9.10=h7f98852_0
  - libuuid=2.41.3=h5347b49_0
  - libxcrypt=4.4.36=hd590300_1
  - libzlib=1.3.1=hb9d3cd8_2
  - ltr_retriever=3.0.0=hdfd78af_0
  - mpi=1.0=openmpi
  - ncbi-vdb=3.3.0=h9948957_0
  - ncurses=6.5=h2d0b736_3
  - numpy=2.0.1=py311hed25524_0
  - openmpi=4.1.6=hc5af2df_101
  - openssl=3.6.1=h35e630c_1
  - packaging=26.0=pyhcf101f3_0
  - pandas=2.2.2=py311h14de704_1
  - pcre2=10.47=haa7fec5_0
  - perl=5.32.1=7_hd590300_perl5
  - perl-archive-tar=3.04=pl5321hdfd78af_0
  - perl-carp=1.38=pl5321hdfd78af_4
  - perl-common-sense=3.75=pl5321hdfd78af_0
  - perl-compress-raw-bzip2=2.214=pl5321hda65f42_0
  - perl-compress-raw-zlib=2.214=pl5321h4dac143_0
  - perl-encode=3.19=pl5321hec16e2b_1
  - perl-exporter=5.72=pl5321hdfd78af_2
  - perl-exporter-tiny=1.002002=pl5321hdfd78af_0
  - perl-extutils-makemaker=7.70=pl5321hd8ed1ab_0
  - perl-io-compress=2.216=pl5321h503566f_0
  - perl-io-zlib=1.15=pl5321hdfd78af_1
  - perl-json=4.10=pl5321hdfd78af_1
  - perl-json-xs=4.04=pl5321h9948957_0
  - perl-list-moreutils=0.430=pl5321hdfd78af_0
  - perl-list-moreutils-xs=0.430=pl5321h7b50bb2_5
  - perl-parent=0.236=pl5321hdfd78af_2
  - perl-pathtools=3.75=pl5321hec16e2b_3
  - perl-scalar-list-utils=1.62=pl5321hec16e2b_1
  - perl-text-soundex=3.05=pl5321hd8ed1ab_1001
  - perl-types-serialiser=1.01=pl5321hdfd78af_0
  - pip=26.0.1=pyh8b19718_0
  - pp=1.6.4.4=py_0
  - pyfastx=2.3.0=py311hbd8efe9_2
  - python=3.11.15=hd63d673_0_cpython
  - python-dateutil=2.9.0.post0=pyhe01879c_2
  - python-tzdata=2025.3=pyhd8ed1ab_0
  - python_abi=3.11=8_cp311
  - pytz=2025.2=pyhd8ed1ab_0
  - readline=8.3=h853b02a_0
  - repeatmasker=4.1.2.p1=pl5321hdfd78af_1
  - rmblast=2.14.1=hdb21ba3_2
  - scipy=1.14.0=py311h0a5b728_2
  - setuptools=82.0.1=pyh332efcf_0
  - six=1.17.0=pyhe01879c_1
  - tesorter=1.5.1=pyhdfd78af_0
  - tk=8.6.13=noxft_h366c992_103
  - trf=4.10.0rc2=h7b50bb2_0
  - tzdata=2025c=hc9c84f9_1
  - wget=1.25.0=h653f8fd_1
  - wheel=0.46.3=pyhd8ed1ab_0
  - xopen=0.7.3=py_0
  - zlib=1.3.1=hb9d3cd8_2
  - zstd=1.5.7=hb78ec9c_6
