name: iseq_v.1.9.8
channels:
  - bioconda
  - defaults
  - conda-forge
dependencies:
  - _openmp_mutex=4.5=20_gnu
  - aspera-cli=4.14.0=hdfd78af_1
  - axel=2.17.13=h7b32b05_0
  - bzip2=1.0.8=hda65f42_9
  - c-ares=1.34.6=hb03c661_0
  - ca-certificates=2026.1.4=hbd8a1cb_0
  - curl=8.18.0=hcf29cc6_1
  - gdbm=1.18=h0a1914f_2
  - gmp=6.3.0=hac33072_2
  - iseq=1.9.8=hdfd78af_0
  - keyutils=1.6.3=hb9d3cd8_0
  - krb5=1.22.2=ha1258a1_0
  - libasprintf=0.25.1=h3f43e3d_1
  - libcurl=8.18.0=hcf29cc6_1
  - libedit=3.1.20250104=pl5321h7949ede_0
  - libev=4.33=hd590300_2
  - libffi=3.5.2=h3435931_0
  - libgcc=15.2.0=he0feb66_18
  - libgcc-ng=15.2.0=h69a702a_18
  - libgettextpo=0.25.1=h3f43e3d_1
  - libgomp=15.2.0=he0feb66_18
  - libiconv=1.18=h3b78370_2
  - libidn2=2.3.8=hfac485b_1
  - liblzma=5.8.2=hb03c661_0
  - libnghttp2=1.67.0=had1ee68_0
  - libssh2=1.11.1=hcf80075_0
  - libstdcxx=15.2.0=h934c35e_18
  - libstdcxx-ng=15.2.0=hdf11a46_18
  - libunistring=0.9.10=h7f98852_0
  - libxcrypt=4.4.36=hd590300_1
  - libxml2=2.14.6=h031cc0b_3
  - libxml2-16=2.14.6=hf2a90c1_3
  - libzlib=1.3.1=hb9d3cd8_2
  - ncbi-vdb=3.3.0=h9948957_0
  - ncurses=6.5=h2d0b736_3
  - openssl=3.6.1=h35e630c_1
  - ossuuid=1.6.2=h5888daf_1001
  - pcre2=10.45=hc749103_0
  - perl=5.32.1=7_hd590300_perl5
  - perl-alien-build=2.84=pl5321h7b50bb2_1
  - perl-alien-build-plugin-download-gitlab=0.01=pl5321hdfd78af_0
  - perl-alien-libxml2=0.20=pl5321hd2ab53c_0
  - perl-business-isbn=3.007=pl5321hdfd78af_0
  - perl-business-isbn-data=20210112.006=pl5321hdfd78af_0
  - perl-capture-tiny=0.48=pl5321hdfd78af_2
  - perl-carp=1.38=pl5321hdfd78af_4
  - perl-constant=1.33=pl5321hdfd78af_2
  - perl-data-dumper=2.183=pl5321hec16e2b_1
  - perl-encode=3.19=pl5321hec16e2b_1
  - perl-exporter=5.72=pl5321hdfd78af_2
  - perl-extutils-makemaker=7.70=pl5321hd8ed1ab_0
  - perl-ffi-checklib=0.28=pl5321hdfd78af_0
  - perl-file-chdir=0.1010=pl5321hdfd78af_3
  - perl-file-path=2.18=pl5321hd8ed1ab_0
  - perl-file-temp=0.2304=pl5321hd8ed1ab_0
  - perl-file-which=1.24=pl5321hd8ed1ab_0
  - perl-importer=0.026=pl5321hdfd78af_0
  - perl-mime-base64=3.16=pl5321hec16e2b_2
  - perl-parent=0.236=pl5321hdfd78af_2
  - perl-path-tiny=0.122=pl5321hdfd78af_0
  - perl-pathtools=3.75=pl5321hec16e2b_3
  - perl-scope-guard=0.21=pl5321hdfd78af_3
  - perl-sub-info=0.002=pl5321hdfd78af_1
  - perl-term-table=0.028=pl5321hdfd78af_0
  - perl-test2-suite=0.000163=pl5321hdfd78af_0
  - perl-uri=5.12=pl5321hdfd78af_0
  - perl-xml-libxml=2.0210=pl5321hd2ab53c_1
  - perl-xml-namespacesupport=1.12=pl5321hdfd78af_1
  - perl-xml-sax=1.02=pl5321hdfd78af_1
  - perl-xml-sax-base=1.09=pl5321hdfd78af_1
  - pigz=2.8=h421ea60_2
  - readline=8.3=h853b02a_0
  - ruby=3.4.8=h498564d_0
  - sra-tools=3.2.1=h4304569_1
  - wget=1.25.0=hc2d8bac_0
  - yaml=0.2.5=h280c20c_3
  - zlib=1.3.1=hb9d3cd8_2
  - zstd=1.5.7=hb78ec9c_6
