name: Orthofinder_v.3.0.1b1
channels:
  - bioconda
  - defaults
  - conda-forge
dependencies:
  - _libgcc_mutex=0.1=conda_forge
  - _openmp_mutex=4.5=2_gnu
  - aria2=1.37.0=hbc8128a_2
  - aster=1.22=h9948957_1
  - biopython=1.85=py311h9ecbd09_1
  - blast=2.16.0=h66d330f_5
  - bzip2=1.0.8=h4bc722e_7
  - c-ares=1.34.5=hb9d3cd8_0
  - ca-certificates=2025.6.15=hbd8a1cb_0
  - curl=8.14.1=h332b0f4_0
  - diamond=2.2.0=he361c42_0
  - entrez-direct=22.4=he881be0_0
  - fastme=2.1.6.3=h7b50bb2_1
  - fasttree=2.1.11=h7b50bb2_5
  - gawk=5.3.1=hcd3d067_0
  - gmp=6.3.0=hac33072_2
  - icu=75.1=he02047a_0
  - iqtree=2.4.0=h503566f_0
  - joblib=1.5.1=pyhd8ed1ab_0
  - keyutils=1.6.1=h166bdaf_0
  - krb5=1.21.3=h659f571_0
  - ld_impl_linux-64=2.43=h1423503_5
  - libasprintf=0.24.1=h8e693c7_0
  - libblas=3.9.0=32_h59b9bed_openblas
  - libcblas=3.9.0=32_he106b2a_openblas
  - libcurl=8.14.1=h332b0f4_0
  - libedit=3.1.20250104=pl5321h7949ede_0
  - libev=4.33=hd590300_2
  - libexpat=2.7.0=h5888daf_0
  - libffi=3.4.6=h2dba641_1
  - libgcc=15.1.0=h767d61c_2
  - libgcc-ng=15.1.0=h69a702a_2
  - libgettextpo=0.24.1=h5888daf_0
  - libgfortran=15.1.0=h69a702a_2
  - libgfortran-ng=15.1.0=h69a702a_2
  - libgfortran5=15.1.0=hcea5267_2
  - libgomp=15.1.0=h767d61c_2
  - libiconv=1.18=h4ce23a2_1
  - libidn2=2.3.8=ha4ef2c3_0
  - liblapack=3.9.0=32_h7ac8fdf_openblas
  - liblzma=5.8.1=hb9d3cd8_2
  - libnghttp2=1.64.0=h161d5f1_0
  - libnsl=2.0.1=hb9d3cd8_1
  - libopenblas=0.3.30=pthreads_h94d23a6_0
  - libsqlite=3.53.1=h0c1763c_0
  - libssh2=1.11.1=hcf80075_0
  - libstdcxx=15.1.0=h8f9b012_2
  - libstdcxx-ng=15.1.0=h4852527_2
  - libunistring=0.9.10=h7f98852_0
  - libuuid=2.38.1=h0b41bf4_0
  - libxcrypt=4.4.36=hd590300_1
  - libxml2=2.13.8=h4bc477f_0
  - libzlib=1.3.2=h25fd6f3_2
  - mafft=7.525=h031d066_1
  - mcl=22.282=pl5321h7b50bb2_4
  - mmseqs2=17.b804f=hd6d6fdc_1
  - mpfr=4.2.1=h90cbb55_3
  - mpi=1.0=openmpi
  - muscle=3.8.1551=h9948957_8
  - ncbi-vdb=3.2.1=h9948957_0
  - ncurses=6.5=h2d0b736_3
  - numpy=2.3.0=py311h519dc76_0
  - openmpi=4.1.6=hc5af2df_101
  - openssl=3.5.0=h7b32b05_1
  - orthofinder=3.0.1b1=hdfd78af_0
  - perl=5.32.1=7_hd590300_perl5
  - perl-archive-tar=3.04=pl5321hdfd78af_0
  - perl-carp=1.38=pl5321hdfd78af_4
  - perl-common-sense=3.75=pl5321hdfd78af_0
  - perl-compress-raw-bzip2=2.201=pl5321h87f3376_1
  - perl-compress-raw-zlib=2.105=pl5321h87f3376_0
  - perl-encode=3.19=pl5321hec16e2b_1
  - perl-exporter=5.72=pl5321hdfd78af_2
  - perl-exporter-tiny=1.002002=pl5321hdfd78af_0
  - perl-extutils-makemaker=7.70=pl5321hd8ed1ab_0
  - perl-io-compress=2.201=pl5321h503566f_5
  - perl-io-zlib=1.15=pl5321hdfd78af_0
  - perl-json=4.10=pl5321hdfd78af_1
  - perl-json-xs=4.03=pl5321h9948957_4
  - perl-list-moreutils=0.430=pl5321hdfd78af_0
  - perl-list-moreutils-xs=0.430=pl5321h7b50bb2_5
  - perl-parent=0.236=pl5321hdfd78af_2
  - perl-pathtools=3.75=pl5321hec16e2b_3
  - perl-scalar-list-utils=1.62=pl5321hec16e2b_1
  - perl-types-serialiser=1.01=pl5321hdfd78af_0
  - pip=25.1.1=pyh8b19718_0
  - python=3.11.13=h9e4cc4f_0_cpython
  - python_abi=3.11=7_cp311
  - raxml=8.2.13=h7b50bb2_3
  - raxml-ng=1.2.2=h6747034_2
  - readline=8.2=h8c095d6_2
  - rpsbproc=0.5.0=hd6d6fdc_3
  - scikit-learn=1.7.0=py311h57cc02b_1
  - scipy=1.15.2=py311h8f841c2_0
  - setuptools=80.9.0=pyhff2d567_0
  - threadpoolctl=3.6.0=pyhecae5ae_0
  - tk=8.6.13=noxft_hd72426e_102
  - tzdata=2025b=h78e105d_0
  - wget=1.21.4=hda4d442_0
  - wheel=0.45.1=pyhd8ed1ab_1
  - zlib=1.3.2=h25fd6f3_2
  - zstd=1.5.7=hb8e6e7a_2
