name: repeat_identiy
channels:
  - bioconda
  - defaults
  - conda-forge
dependencies:
  - _libgcc_mutex=0.1=conda_forge
  - _openmp_mutex=4.5=2_gnu
  - bzip2=1.0.8=h4bc722e_7
  - c-ares=1.34.5=hb9d3cd8_0
  - ca-certificates=2025.7.14=hbd8a1cb_0
  - cached-property=1.5.2=hd8ed1ab_1
  - cached_property=1.5.2=pyha770c72_1
  - entrez-direct=22.4=he881be0_0
  - gsl=2.7=he838d99_0
  - h5py=3.14.0=nompi_py313hfaf8fd4_100
  - hdf5=1.14.6=nompi_h6e4c0c1_102
  - hmmer=3.4=hb6cb901_4
  - icu=75.1=he02047a_0
  - keyutils=1.6.1=h166bdaf_0
  - krb5=1.21.3=h659f571_0
  - ld_impl_linux-64=2.44=h1423503_1
  - libaec=1.1.4=h3f801dc_0
  - libasprintf=0.25.1=h8e693c7_0
  - libblas=3.9.0=32_h59b9bed_openblas
  - libcblas=3.9.0=32_he106b2a_openblas
  - libcurl=8.14.1=h332b0f4_0
  - libedit=3.1.20250104=pl5321h7949ede_0
  - libev=4.33=hd590300_2
  - libexpat=2.7.1=hecca717_0
  - libffi=3.4.6=h2dba641_1
  - libgcc=15.1.0=h767d61c_3
  - libgcc-ng=15.1.0=h69a702a_3
  - libgettextpo=0.25.1=h5888daf_0
  - libgfortran=15.1.0=h69a702a_3
  - libgfortran-ng=15.1.0=h69a702a_3
  - libgfortran5=15.1.0=hcea5267_3
  - libgomp=15.1.0=h767d61c_3
  - libidn2=2.3.8=ha4ef2c3_0
  - liblapack=3.9.0=32_h7ac8fdf_openblas
  - liblzma=5.8.1=hb9d3cd8_2
  - libmpdec=4.0.0=hb9d3cd8_0
  - libnghttp2=1.64.0=h161d5f1_0
  - libopenblas=0.3.30=pthreads_h94d23a6_0
  - libsqlite=3.50.3=hee844dc_0
  - libssh2=1.11.1=hcf80075_0
  - libstdcxx=15.1.0=h8f9b012_3
  - libstdcxx-ng=15.1.0=h4852527_3
  - libunistring=0.9.10=h7f98852_0
  - libuuid=2.38.1=h0b41bf4_0
  - libxcrypt=4.4.36=hd590300_1
  - libzlib=1.3.1=hb9d3cd8_2
  - mpi=1.0=openmpi
  - ncbi-vdb=3.2.1=h9948957_0
  - ncurses=6.5=h2d0b736_3
  - nseg=1.0.1=h7b50bb2_6
  - numpy=2.3.1=py313hf6604e3_1
  - openmpi=4.1.6=hc5af2df_101
  - openssl=3.5.1=h7b32b05_0
  - perl=5.26.2=h36c2ea0_1008
  - perl-app-cpanminus=1.7044=pl526_1
  - perl-archive-tar=2.32=pl526_0
  - perl-carp=1.38=pl526_3
  - perl-common-sense=3.74=pl526_2
  - perl-compress-raw-bzip2=2.087=pl526he1b5a44_0
  - perl-compress-raw-zlib=2.087=pl526hc9558a2_0
  - perl-constant=1.33=pl526_1
  - perl-encode=2.88=pl526_1
  - perl-exporter=5.72=pl526_1
  - perl-exporter-tiny=1.002001=pl526_0
  - perl-extutils-makemaker=7.36=pl526_1
  - perl-file-path=2.16=pl526_0
  - perl-file-temp=0.2304=pl526_2
  - perl-file-which=1.23=pl526_0
  - perl-io-compress=2.087=pl526he1b5a44_0
  - perl-io-zlib=1.10=pl526_2
  - perl-json=4.02=pl526_0
  - perl-json-xs=2.34=pl526h6bb024c_3
  - perl-list-moreutils=0.428=pl526_1
  - perl-list-moreutils-xs=0.428=pl526_0
  - perl-parent=0.236=pl526_1
  - perl-pathtools=3.75=pl526h14c3975_1
  - perl-scalar-list-utils=1.52=pl526h516909a_0
  - perl-text-soundex=3.05=pl526_1000
  - perl-types-serialiser=1.0=pl526_2
  - perl-xsloader=0.24=pl526_0
  - pip=25.1.1=pyh145f28c_0
  - python=3.13.5=hec9711d_102_cp313
  - python_abi=3.13=8_cp313
  - readline=8.2=h8c095d6_2
  - recon=1.08=h7b50bb2_9
  - repeatmasker=4.1.2.p1=pl5262hdfd78af_0
  - repeatmodeler=1.0.11=pl526_3
  - repeatscout=1.0.7=h7b50bb2_1
  - rmblast=2.14.1=hdb21ba3_2
  - tk=8.6.13=noxft_hd72426e_102
  - trf=4.10.0rc2=h7b50bb2_0
  - tzdata=2025b=h78e105d_0
  - wget=1.21.4=hda4d442_0
  - zlib=1.3.1=hb9d3cd8_2
  - zstd=1.5.7=hb8e6e7a_2
