name: sratoolkit_v.2.5.7
channels:
  - daler
  - bioconda
  - defaults
  - conda-forge
dependencies:
  - _libgcc_mutex=0.1=conda_forge
  - _openmp_mutex=4.5=2_gnu
  - bzip2=1.0.8=hda65f42_8
  - c-ares=1.34.5=hb9d3cd8_0
  - ca-certificates=2025.8.3=hbd8a1cb_0
  - curl=8.14.1=h332b0f4_0
  - icu=75.1=he02047a_0
  - keyutils=1.6.3=hb9d3cd8_0
  - krb5=1.21.3=h659f571_0
  - ld_impl_linux-64=2.44=h1423503_1
  - libcurl=8.14.1=h332b0f4_0
  - libedit=3.1.20250104=pl5321h7949ede_0
  - libev=4.33=hd590300_2
  - libexpat=2.7.1=hecca717_0
  - libffi=3.4.6=h2dba641_1
  - libgcc=15.1.0=h767d61c_5
  - libgcc-ng=15.1.0=h69a702a_5
  - libgomp=15.1.0=h767d61c_5
  - libiconv=1.18=h3b78370_2
  - liblzma=5.8.1=hb9d3cd8_2
  - libmpdec=4.0.0=hb9d3cd8_0
  - libnghttp2=1.67.0=had1ee68_0
  - libsqlite=3.50.4=h0c1763c_0
  - libssh2=1.11.1=hcf80075_0
  - libstdcxx=15.1.0=h8f9b012_5
  - libstdcxx-ng=15.1.0=h4852527_5
  - libuuid=2.41.1=he9a06e4_0
  - libxcrypt=4.4.36=hd590300_1
  - libxml2=2.14.6=h26afc86_2
  - libxml2-16=2.14.6=ha9997c6_2
  - libzlib=1.3.1=hb9d3cd8_2
  - ncbi-vdb=3.2.1=h9948957_0
  - ncurses=6.5=h2d0b736_3
  - openssl=3.5.3=h26f9b46_0
  - ossuuid=1.6.2=h5888daf_1001
  - parallel-fastq-dump=0.6.7=pyhdfd78af_0
  - perl=5.32.1=7_hd590300_perl5
  - perl-alien-build=2.84=pl5321h7b50bb2_1
  - perl-alien-build-plugin-download-gitlab=0.01=pl5321hdfd78af_0
  - perl-alien-libxml2=0.20=pl5321hd2ab53c_0
  - perl-business-isbn=3.007=pl5321hdfd78af_0
  - perl-business-isbn-data=20210112.006=pl5321hdfd78af_0
  - perl-capture-tiny=0.48=pl5321hdfd78af_2
  - perl-carp=1.38=pl5321hdfd78af_4
  - perl-constant=1.33=pl5321hdfd78af_2
  - perl-data-dumper=2.183=pl5321hec16e2b_1
  - perl-encode=3.19=pl5321hec16e2b_1
  - perl-exporter=5.72=pl5321hdfd78af_2
  - perl-extutils-makemaker=7.70=pl5321hd8ed1ab_0
  - perl-ffi-checklib=0.28=pl5321hdfd78af_0
  - perl-file-chdir=0.1010=pl5321hdfd78af_3
  - perl-file-path=2.18=pl5321hd8ed1ab_0
  - perl-file-temp=0.2304=pl5321hd8ed1ab_0
  - perl-file-which=1.24=pl5321hd8ed1ab_0
  - perl-importer=0.026=pl5321hdfd78af_0
  - perl-mime-base64=3.16=pl5321hec16e2b_2
  - perl-parent=0.236=pl5321hdfd78af_2
  - perl-path-tiny=0.122=pl5321hdfd78af_0
  - perl-pathtools=3.75=pl5321hec16e2b_3
  - perl-scope-guard=0.21=pl5321hdfd78af_3
  - perl-sub-info=0.002=pl5321hdfd78af_1
  - perl-term-table=0.025=pl5321hdfd78af_0
  - perl-test2-suite=0.000163=pl5321hdfd78af_0
  - perl-uri=5.12=pl5321hdfd78af_0
  - perl-xml-libxml=2.0210=pl5321hd2ab53c_1
  - perl-xml-namespacesupport=1.12=pl5321hdfd78af_1
  - perl-xml-sax=1.02=pl5321hdfd78af_1
  - perl-xml-sax-base=1.09=pl5321hdfd78af_1
  - pip=25.2=pyh145f28c_0
  - python=3.13.7=h2b335a9_100_cp313
  - python_abi=3.13=8_cp313
  - readline=8.2=h8c095d6_2
  - sra-tools=3.2.1=h4304569_1
  - sratoolkit=2.5.7=0
  - tk=8.6.13=noxft_hd72426e_102
  - tzdata=2025b=h78e105d_0
  - zstd=1.5.7=hb8e6e7a_2
